0.000000000000000000e+00
5.578808442836065405e-297
7.954365018556763605e-162
8.987766094511066482e-102
1.130948544611165100e-67
4.360402880112733865e-46
1.325309921095506703e-31
1.426977706702486580e-21
1.608381493419838601e-14
1.460720452162609775e-09
3.951485220872613713e-06
7.683235781675881422e-04
2.002172698996982150e-02
1.122357940790650321e-01
2.082637179329061838e-01
2.196850361128902807e-01
1.973485176844643474e-01
1.357358580286485428e-01
6.644299948460084815e-02
2.522803930861346536e-02
8.328542606112272761e-03
2.616913944381609597e-03
8.275238443244095805e-04
2.706482781822153422e-04
9.249002573884679453e-05
3.308942594345423509e-05
1.237457275060466686e-05
4.824124349157770290e-06
1.954423131170377742e-06
8.203964344500714816e-07
3.558102207024947274e-07
1.590364802353338798e-07
7.309081013186644804e-08
3.446853475615368335e-08
1.664851824617079418e-08
8.222460510485517129e-09
4.146240780277053915e-09
2.131819460621598375e-09
1.116251550572319467e-09
5.945812760434853663e-10
3.218570266496167196e-10
1.768971380025849072e-10
9.863295785637748435e-11
5.574864594726484656e-11
3.191920654476812189e-11
1.850094370337334214e-11
1.084925220493132416e-11
6.433233903163685410e-12
3.855311326782210325e-12
2.333903524983148615e-12
1.426614883465174037e-12
8.801386211569915127e-13
5.478324993950957311e-13
3.439058798568996022e-13
2.176602322006336442e-13
1.388442458849538105e-13
8.923925466282371682e-14
5.777511434522999652e-14
3.766753022831524248e-14
2.472441646519676102e-14
1.633483147635171647e-14
1.086014601240725274e-14
7.264352753380115245e-15
4.887773724599730658e-15
3.307465156945498789e-15
2.250457146696058845e-15
1.539439561766093417e-15
1.058521602370294305e-15
7.314996780565292528e-16
5.079736649093412250e-16
3.544207846572383147e-16
2.484214907211576375e-16
1.749020202225377090e-16
1.236751131417167143e-16
8.782134777900603248e-17
6.261794567554672596e-17
4.482612234915207756e-17
3.221453101434726843e-17
2.323898838368862055e-17
1.682618286870083046e-17
1.222691315637316148e-17
8.916045994560978213e-18
6.524014364018850339e-18
4.789706886938766864e-18
3.527930302398691820e-18
2.606843501364848595e-18
1.932243683130568551e-18
1.436580663835984774e-18
1.071246993821297132e-18
8.011466551991180729e-19
6.008548255868988180e-19
4.518928379649424361e-19
3.407876816620635103e-19
2.576854211331366962e-19
1.953570834172145978e-19
1.484835820533495878e-19
1.131396993766277140e-19
8.642054161743007312e-20
6.617029618997549040e-20
5.078467919378333828e-20
