0.000000000000000000e+00
2.182870876708356278e-01
2.781913367525903902e-01
1.943048586207803963e-01
1.203789116031328404e-01
7.304943257227923537e-02
4.469711039506275158e-02
2.783452864289737150e-02
1.768676802148911806e-02
1.146801689121064623e-02
7.580461213627085783e-03
5.101714745302248118e-03
3.491133777910534596e-03
2.425959834119307146e-03
1.709797530016819158e-03
1.220880123230380469e-03
8.823437287565600402e-04
6.448388227468547030e-04
4.761725364851614379e-04
3.550286911174425886e-04
2.670949454465759015e-04
2.026355343347083975e-04
1.549466197228678479e-04
1.193590714919448174e-04
9.258588683178112873e-05
7.228966049818159173e-05
5.679244073715076943e-05
4.487888283159594693e-05
3.566126591025327856e-05
2.848599271140376792e-05
2.286820300277934268e-05
1.844563255888879400e-05
1.494577304891718906e-05
1.216230787479737393e-05
9.938072777022361259e-06
8.152643644204744818e-06
6.713231436304261490e-06
5.547958320854046880e-06
4.600860515147057931e-06
3.828151712375760968e-06
3.195412760799257805e-06
2.675466155132260162e-06
2.246759840611441147e-06
1.892131962448631808e-06
1.597862103507059381e-06
1.352939104382787711e-06
1.148493443350900265e-06
9.773552557849377603e-07
8.337087257159338988e-07
7.128207324825823126e-07
6.108269593458995668e-07
5.245626548443121442e-07
4.514282332203673827e-07
3.892821631476426738e-07
3.363553111115293706e-07
2.911822144467844440e-07
2.525457605700261147e-07
2.194325185576155291e-07
1.909965629425202938e-07
1.665300893821169722e-07
1.454394792163349676e-07
1.272257486977095251e-07
1.114685368773229263e-07
9.781295750535663152e-08
8.595877534232255557e-08
7.565147402014800790e-08
6.667486723038103745e-08
5.884497232917584269e-08
5.200491913846039173e-08
4.602070966851892275e-08
4.077767893418253883e-08
3.617753474130829832e-08
3.213587666045736810e-08
2.858011246541746749e-08
2.544770495164391398e-08
2.268469394153495971e-08
2.024444796763868574e-08
1.808660802950318909e-08
1.617619228653199629e-08
1.448283585114013067e-08
1.298014420288503134e-08
1.164514233122690697e-08
1.045780467412885169e-08
9.400653366487635731e-09
8.458414339226054511e-09
7.617722492070679741e-09
6.866868561822994073e-09
6.195581473196100109e-09
5.594840931767014015e-09
5.056715831614925516e-09
4.574224731100017170e-09
4.141215221426703855e-09
3.752259492594424311e-09
3.402563805300212979e-09
3.087889917889661903e-09
2.804486804969379258e-09
2.549031247417605636e-09
2.318576079423907149e-09
2.110505052812425310e-09
1.922493427219014462e-09
